#01	COM3:9600:MUX0:1	3	2016.01.03	21:30	TowarMax	WIN 10.00.2013	baza_in.txt	baza_out.txt
#
#Alfa 4095 PLU II gen. ver. 03 (identyfikator odczytany z urzadzenia i pliku ECRTBUF.TXT)
$00001	CHLEB              	4	1	3	1	0	0000000000001	0	0
$00002	BUùKA              	4	1	3	1	0	0000000000002	0	0
$00003	M§KA               	4	1	3	1	0	0000000000003	0	0
$00004	KASZA              	4	1	3	1	0	0000000000004	0	0
$00005	OLEJ               	4	1	3	1	0	0000000000005	0	0
$00006	RYΩ                	4	1	3	1	0	0000000000006	0	0
$00007	CZEKOLADA          	1	1	3	1	0	0000000000007	0	0
$00008	NAPOJE             	1	1	3	1	0	0000000000008	0	0
$00009	SùODYCZE ZWYKùE    	1	1	3	1	0	0000000000009	0	0
$00010	CIASTKA            	1	15	3	1	0	0000000000010	0	0
$00011	MARGARYNA          	4	1	3	1	0	0000000000011	0	0
$00012	MASùO              	4	1	3	1	0	0000000000012	0	0
$00013	MLEKO              	4	1	3	1	0	0000000000013	0	0
$00014	SER                	4	1	3	1	0	0000000000014	0	0
$00015	CIASTKA CUKIER     	2	1	3	1	0	0000000000015	0	0
$00016	BUDY„              	2	1	3	1	0	0000000000016	0	0
$00017	WYROBY CZEKOLADOWE 	1	1	3	1	0	0000000000017	0	0
$00018	CHIPSY             	2	1	3	1	0	0000000000018	0	0
$00019	PAPIEROSY          	1	1	3	1	0	0000000000019	0	0
$00020	CHRZAN             	2	1	3	1	0	0000000000020	0	0
$00021	CIASTO NA WAG®     	2	1	3	1	0	0000000000021	0	0
$00022	CIASTO W PROSZKU   	4	1	3	1	0	0000000000022	0	0
$00023	CUKIER             	2	1	3	1	0	0000000000023	0	0
$00024	CUKIER WANILI      	1	1	3	1	0	0000000000024	0	0
$00025	DROΩDΩE            	1	1	3	1	0	0000000000025	0	0
$00026	DΩEM               	2	1	3	1	0	0000000000026	0	0
$00027	GALARETKI          	2	1	3	1	0	0000000000027	0	0
$00028	FLAKI              	4	1	3	1	0	0000000000028	0	0
$00029	SOKI OWOCOWE       	4	1	3	1	0	0000000000029	0	0
$00030	PASZTET            	2	1	3	1	0	0000000000030	0	0
$00031	GROSZEK            	4	1	3	1	0	0000000000031	0	0
$00032	GUMA DO ΩUCIA      	2	1	3	1	0	0000000000032	0	0
$00033	HERBATA            	1	1	3	1	0	0000000000033	0	0
$00034	KAKAO              	1	1	3	1	0	0000000000034	0	0
$00035	KAWA INKA          	2	1	3	1	0	0000000000035	0	0
$00036	HERBATA OWOCOWA    	2	1	3	1	0	0000000000036	0	0
$00037	ZUPA W PROSZKU     	2	1	3	1	0	0000000000037	0	0
$00038	ROSOùKI KOSTKI     	2	1	3	1	0	0000000000038	0	0
$00039	ZUPKI CHI„SKIE     	4	1	3	1	0	0000000000039	0	0
$00040	KONCENTRAT         	2	1	3	1	0	0000000000040	0	0
$00041	KONSERWY MI®SNE    	4	1	3	1	0	0000000000041	0	0
$00042	KWASEK CYTRYNOWY   	1	1	3	1	0	0000000000042	0	0
$00043	LODY W PROSZKU     	2	1	3	1	0	0000000000043	0	0
$00044	MAJONEZ            	2	1	3	1	0	0000000000044	0	0
$00045	MAKARON            	4	1	3	1	0	0000000000045	0	0
$00046	OCET               	1	1	3	1	0	0000000000046	0	0
$00048	RODZYNKI           	2	1	3	1	0	0000000000048	0	0
$00049	CHETOS             	4	1	3	1	0	0000000000049	0	0
$00050	RYBY MROΩONE       	4	1	3	1	0	0000000000050	0	0
$00051	S‡L                	1	1	3	1	0	0000000000051	0	0
$00052	SMALEC             	1	1	3	1	0	0000000000052	0	0
$00053	PRZYPRAWA DO ZUP   	2	1	3	1	0	0000000000053	0	0
$00054	ZAPAùKI            	1	1	3	1	0	0000000000054	0	0
$00055	BUùKA TARTA        	1	1	3	1	0	0000000000055	0	0
$00056	JABùKA             	4	1	3	1	0	0000000000056	0	0
$00057	OWOCE POùUDNIOWE   	2	1	3	1	0	0000000000057	0	0
$00058	PùATKI KUKURYDZIA  	4	1	3	1	0	0000000000058	0	0
$00059	PùATKI NESQIK      	4	1	3	1	0	0000000000059	0	0
$00061	NABIAù CZEKOLADOWY 	2	1	3	1	0	0000000000061	0	0
$00062	MAK                	4	1	3	1	0	0000000000062	0	0
$00063	NAPOJE MLECZNE     	4	1	3	1	0	0000000000063	0	0
$00064	LODY               	4	1	3	1	0	0000000000064	0	0
$00065	WARZYWA MROΩONE    	2	1	3	1	0	0000000000065	0	0
$00066	óMIETANA           	4	1	3	1	0	0000000000066	0	0
$00067	PIWO               	1	1	3	1	0	0000000000067	0	0
$00068	WINO               	1	1	3	1	0	0000000000068	0	0
$00069	W®DLINY            	2	1	3	1	0	0000000000069	0	0
$00070	MLEKO W PROSZ      	4	1	3	1	0	0000000000070	0	0
$00072	KAKAO ROZPUSZCZ    	2	1	3	1	0	0000000000072	0	0
$00074	KAWA CAPPUCCINO    	1	1	3	1	0	0000000000074	0	0
$00075	POP KORN           	4	1	3	1	0	0000000000075	0	0
$00076	ANANASY            	2	1	3	1	0	0000000000076	0	0
$00077	MI‡D PSZCZELI      	4	1	3	1	0	0000000000077	0	0
$00078	MI‡D SZTUCZNY      	2	1	3	1	0	0000000000078	0	0
$00079	DENATURAT          	1	1	3	1	0	0000000000079	0	0
$00080	TABLETKI           	2	1	3	1	0	0000000000080	0	0
$00082	OG‡RKI KONSERWOWE  	2	1	3	1	0	0000000000082	0	0
$00083	SAùATKI KONSERWOWE 	2	1	3	1	0	0000000000083	0	0
$00084	KAWA MIELONA       	1	1	3	1	0	0000000000084	0	0
$00085	FASOLA             	4	1	3	1	0	0000000000085	0	0
$00086	SAùATKI WARZYWNE   	2	1	3	1	0	0000000000086	0	0
$00087	ORZESZKI SOLONE    	2	1	3	1	0	0000000000087	0	0
$00088	NAP‡J HERBACIANY   	2	1	3	1	0	0000000000088	0	0
$00089	JAJKA              	4	1	3	1	0	0000000000089	0	0
$00090	KASZKA ML RYΩOWA   	2	1	3	1	0	0000000000090	0	0
$00091	OR®ΩAD W PROSZ     	2	1	3	1	0	0000000000091	0	0
$00092	MI®SO MROΩONE      	4	1	3	1	0	0000000000092	0	0
$00093	GROCH              	4	1	3	1	0	0000000000093	0	0
$00094	GAZETY             	2	1	3	1	0	0000000000094	0	0
$00095	ZAPRAWA DO WODY    	2	1	3	1	0	0000000000095	0	0
$00096	KARMA DLA ZWIERZ   	2	1	3	1	0	0000000000096	0	0
$00097	ALKOHOL            	1	1	3	1	0	0000000000097	0	0
$00098	BUTELKI            	3	1	3	1	0	0000000000098	0	1
$00099	GAZETA PRZASNYSKA  	4	1	3	1	0	0000000000099	0	0
$00100	PROSZEK DO PRANIA  	1	1	3	1	0	0000000000100	0	0
$00101	PùYN DO NACZY„     	1	1	3	1	0	0000000000101	0	0
$00102	KOSMETYKI          	1	1	3	1	0	0000000000102	0	0
$00103	KOSMETYKI DZIECI®C 	2	1	3	1	0	0000000000103	0	0
$00104	RZYBORY TOALETOWE  	1	1	3	1	0	0000000000104	0	0
$00105	ARTYKUùY PAPIER    	1	1	3	1	0	0000000000105	0	0
$00106	PODPASKI           	2	1	3	1	0	0000000000106	0	0
$00107	OBRUSY             	1	1	3	1	0	0000000000107	0	0
$00108	SPRZ®T OóWIETLENIO 	1	1	3	1	0	0000000000108	0	0
$00109	BATERIE            	1	1	3	1	0	0000000000109	0	0
$00110	WORKI NA ODPADY    	2	1	3	1	0	0000000000110	0	0
$00111	REKLAM‡WKI         	1	1	3	1	0	0000000000111	0	0
$00112	ART JEDNORAZ       	1	1	3	1	0	0000000000112	0	0
$00113	óRODKI SANITARNE   	1	1	3	1	0	0000000000113	0	0
$00114	ODóWIEΩ POWIETRZA  	1	1	3	1	0	0000000000114	0	0
$00115	WYROBY PO„CZOSZ    	1	1	3	1	0	0000000000115	0	0
$00117	SZAMPON            	1	1	3	1	0	0000000000117	0	0
$00118	PASTA DO OBUWIA    	1	1	3	1	0	0000000000118	0	0
$00119	PAP TOALET         	1	1	3	1	0	0000000000119	0	0
$00120	ZMYWAKI DO NACZY„  	1	1	3	1	0	0000000000120	0	0
$00121	KLEJ               	1	1	3	1	0	0000000000121	0	0
$00122	ZNICZE             	1	1	3	1	0	0000000000122	0	0
$00123	DùUGOPIS           	1	1	3	1	0	0000000000123	0	0
$00124	ZESZYT             	2	1	3	1	0	0000000000124	0	0
$00125	PRZYBORY SZKOLNE   	2	1	3	1	0	0000000000125	0	0
$00126	ZABAWKI            	2	1	3	1	0	0000000000126	0	0
$00127	KARTA TELE         	1	1	3	1	0	0000000000127	0	0
$00128	MUCHOZOL           	4	1	3	1	0	0000000000128	0	0
$00129	BLOK               	2	1	3	1	0	0000000000129	0	0
$00130	Où‡WEK             	2	1	3	1	0	0000000000130	0	0
$00131	KLEJ SZKOL         	2	1	3	1	0	0000000000131	0	0
$00132	GUMKA              	2	1	3	1	0	0000000000132	0	0
$00200	PùYN DO SZYB       	1	1	3	1	0	0000000000200	0	0
$00201	PùYN DO PODù‡G     	1	1	3	1	0	0000000000201	0	0
$00202	PROSZEK DO SZOROW§ 	1	1	3	1	0	0000000000202	0	0
$00203	MLECZKO DO SZOR    	1	1	3	1	0	0000000000203	0	0
$00204	PùYN DO DYWAN‡W    	1	1	3	1	0	0000000000204	0	0
$00205	PASTA SAMA         	1	1	3	1	0	0000000000205	0	0
$00206	PùYN DO PùUKANIA   	1	1	3	1	0	0000000000206	0	0
$00207	PùYN DO PRANIA     	1	1	3	1	0	0000000000207	0	0
$00208	PùYN DO WC         	1	1	3	1	0	0000000000208	0	0
$00209	KOSTKA WC          	1	1	3	1	0	0000000000209	0	0
$00210	PIANKA DO GOLENIA  	1	1	3	1	0	0000000000210	0	0
$00211	DEZODORANT         	1	1	3	1	0	0000000000211	0	0
$00212	WODA PO GOLENIU    	1	1	3	1	0	0000000000212	0	0
$00213	PAMPERS            	1	1	3	1	0	0000000000213	0	0
$00214	LAKIER DO WùOS‡W   	1	1	3	1	0	0000000000214	0	0
$00215	CHUSTECZKI NAWIL   	2	1	3	1	0	0000000000215	0	0
$00216	PùYN DO K§PIELI    	1	1	3	1	0	0000000000216	0	0
$00217	ΩEL POD PRYSZNIC   	1	1	3	1	0	0000000000217	0	0
$00218	KREM               	1	1	3	1	0	0000000000218	0	0
$00219	PASTA DO Z®B‡W     	1	1	3	1	0	0000000000219	0	0
$00220	MYDùO              	1	1	3	1	0	0000000000220	0	0
$00221	GAZ DO ZAPALNICZ   	1	1	3	1	0	0000000000221	0	0
$00222	PASTA DO PASTOWA   	1	1	3	1	0	0000000000222	0	0
$00223	W®GIEL DO GRILLA   	1	1	3	1	0	0000000000223	0	0
$00224	PODPAùKA DO GRILLA 	1	1	3	1	0	0000000000224	0	0
$00225	TACKA DO GRILLA    	1	1	3	1	0	0000000000225	0	0
$00226	CHUST HIGIE        	1	1	3	1	0	0000000000226	0	0
$00227	KREM DO GOLENIA    	1	1	3	1	0	0000000000227	0	0
$00228	ZMYWACZ DO PAZNO   	1	1	3	1	0	0000000000228	0	0
$00229	MASZYNKA DO GOLE   	1	1	3	1	0	0000000000229	0	0
$00230	óWIECE             	1	1	3	1	0	0000000000230	0	0
$00231	PUMEX              	1	1	3	1	0	0000000000231	0	0
$00232	R®KAWICE GUMOWE    	1	1	3	1	0	0000000000232	0	0
$00233	TOREBKI óNIADANI   	1	1	3	1	0	0000000000233	0	0
$00234	R®KAW DO PIECZE    	1	1	3	1	0	0000000000234	0	0
$00235	PAPIER DO PIECZE   	1	1	3	1	0	0000000000235	0	0
$00236	WACIKI             	2	1	3	1	0	0000000000236	0	0
$00237	PATYCZKI HIG       	2	1	3	1	0	0000000000237	0	0
$00238	TORBA OZDOBNA      	1	1	3	1	0	0000000000238	0	0
$00250	CYTRYNA            	2	1	3	1	0	0000000000250	0	0
$00251	BANAN              	2	1	3	1	0	0000000000251	0	0
$00252	óLIWKA             	4	1	3	1	0	0000000000252	0	0
$00253	WINOGRON           	4	1	3	1	0	0000000000253	0	0
$00254	PAPRYKA            	4	1	3	1	0	0000000000254	0	0
$00255	GRAPEFRUIT         	2	1	3	1	0	0000000000255	0	0
$00256	MANDARYNKA         	4	1	3	1	0	0000000000256	0	0
$00257	POMARA„CZ          	4	1	3	1	0	0000000000257	0	0
$00258	NEKTARYNKA         	4	1	3	1	0	0000000000258	0	0
$00259	BRZOSKWINIA        	4	1	3	1	0	0000000000259	0	0
$00260	CZOSNEK            	4	1	3	1	0	0000000000260	0	0
$00261	ARBUZ              	4	1	3	1	0	0000000000261	0	0
$00262	GRUSZKA            	4	1	3	1	0	0000000000262	0	0
$00263	KAPUSTA Gù‡WKA     	4	1	3	1	0	0000000000263	0	0
$00264	PEKI„SKA           	4	1	3	1	0	0000000000264	0	0
$00265	KALAFIOR           	4	1	3	1	0	0000000000265	0	0
$00266	KAPUSTA KWASZONA   	2	1	3	1	0	0000000000266	0	0
$00267	POMIDOR            	4	1	3	1	0	0000000000267	0	0
$00268	SAùATA             	4	1	3	1	0	0000000000268	0	0
$00269	RZODKIEWKA         	4	1	3	1	0	0000000000269	0	0
$00270	ZIEMIAK            	4	1	3	1	0	0000000000270	0	0
$00271	CEBULA             	4	1	3	1	0	0000000000271	0	0
$00272	MARCHEW            	4	1	3	1	0	0000000000272	0	0
$00273	PIETRUSZKA         	4	1	3	1	0	0000000000273	0	0
$00274	SELER              	4	1	3	1	0	0000000000274	0	0
$00275	WùOSZCZYZNA        	4	1	3	1	0	0000000000275	0	0
$00276	KOPER SUSZ         	2	1	3	1	0	0000000000276	0	0
$00277	WùOSZCZ SUSZ       	2	1	3	1	0	0000000000277	0	0
$00278	PIETRUSZKA SUSZ    	2	1	3	1	0	0000000000278	0	0
$00279	BURAK CZER SUSZ    	2	1	3	1	0	0000000000279	0	0
$00280	BURAK CZERWON      	2	1	3	1	0	0000000000280	0	0
$00281	MARCHEW Z GROSZKIE 	2	1	3	1	0	0000000000281	0	0
$00282	PRZECIER OG‡RKOWY  	2	1	3	1	0	0000000000282	0	0
$00283	OG‡REK KWASZONY    	2	1	3	1	0	0000000000283	0	0
$00284	MIGDAù             	2	1	3	1	0	0000000000284	0	0
$00285	MORELE SUSZ        	2	1	3	1	0	0000000000285	0	0
$00286	óLIWKA SUSZ        	2	1	3	1	0	0000000000286	0	0
$00287	ORZECH LASKOWY     	2	1	3	1	0	0000000000287	0	0
$00288	ORZECH WùOSKI      	2	1	3	1	0	0000000000288	0	0
$00289	SUSZ OWOCOWY       	2	1	3	1	0	0000000000289	0	0
$00290	KOMPOT             	2	1	3	1	0	0000000000290	0	0
$00291	SZCZAW             	2	1	3	1	0	0000000000291	0	0
$00292	OLIWKI             	2	1	3	1	0	0000000000292	0	0
$00293	OG‡REK             	4	1	3	1	0	0000000000293	0	0
$00299	MROΩONKI           	4	1	3	1	0	0000000000299	0	0
$00300	PIZZA MROΩONA      	4	1	3	1	0	0000000000300	0	0
$00301	ZAPIEKANKA         	4	1	3	1	0	0000000000301	0	0
$00302	FRYTKI             	4	1	3	1	0	0000000000302	0	0
$00303	FLAKI MROΩONE      	4	1	3	1	0	0000000000303	0	0
$00304	BIGOS MROΩONY      	4	1	3	1	0	0000000000304	0	0
$00305	FASOLA PO BRET MRO 	4	1	3	1	0	0000000000305	0	0
$00306	ZUPY MROΩONE       	4	1	3	1	0	0000000000306	0	0
$00307	KIEùBASA           	4	1	3	1	0	0000000000307	0	0
$00308	SZYNKA             	4	1	3	1	0	0000000000308	0	0
$00309	POL®DWICA          	4	1	3	1	0	0000000000309	0	0
$00310	KASZANKA           	4	1	3	1	0	0000000000310	0	0
$00311	KISZKA ZIEMIACZANA 	4	1	3	1	0	0000000000311	0	0
$00312	PASZTET FOREMKA    	4	1	3	1	0	0000000000312	0	0
$00313	SALCESON           	4	1	3	1	0	0000000000313	0	0
$00314	METKA              	4	1	3	1	0	0000000000314	0	0
$00315	PASZTETOWA         	4	1	3	1	0	0000000000315	0	0
$00316	UDKO W®DZONE       	4	1	3	1	0	0000000000316	0	0
$00320	RYBA W®DZONA       	4	1	3	1	0	0000000000320	0	0
$00321	óLEDZIE            	4	1	3	1	0	0000000000321	0	0
$00322	KORKI óLEDZIOWE    	4	1	3	1	0	0000000000322	0	0
$00323	SAùATKA RYBNA      	4	1	3	1	0	0000000000323	0	0
$00324	RYBA W GALARECIE   	4	1	3	1	0	0000000000324	0	0
$00325	SAùATKI Z MAJO     	2	1	3	1	0	0000000000325	0	0
$00326	óLEDZ W óMIETANIE  	4	1	3	1	0	0000000000326	0	0
$00327	óLEDZ W SùOIKU     	4	1	3	1	0	0000000000327	0	0
$00330	LAYS SUNBITES      	1	1	3	1	0	0000000000330	0	0
$00331	BAKE ROLS          	4	1	3	1	0	0000000000331	0	0
$00332	MACZUGI            	4	1	3	1	0	0000000000332	0	0
$00333	M§KA ZIEMIACZANA   	2	1	3	1	0	0000000000333	0	0
$00334	KASZA J®CZMIENNA   	4	1	3	1	0	0000000000334	0	0
$00335	KASZA GRYCZANA     	4	1	3	1	0	0000000000335	0	0
$00336	KASZA MANNA        	4	1	3	1	0	0000000000336	0	0
$00337	KASZA KUSKUS       	4	1	3	1	0	0000000000337	0	0
$00338	KASZA JAGLANA      	4	1	3	1	0	0000000000338	0	0
$00339	BATON              	1	1	3	1	0	0000000000339	0	0
$00340	PùATKI RYΩOWE      	4	1	3	1	0	0000000000340	0	0
$00341	PùATKI OWSIANE     	4	1	3	1	0	0000000000341	0	0
$00342	PùATKI J®CZMIENNE  	4	1	3	1	0	0000000000342	0	0
$00343	OTR®BY             	4	1	3	1	0	0000000000343	0	0
$00344	CUKIERKI ZWYKùE    	1	1	3	1	0	0000000000344	0	0
$00345	CIASTKA ZWYKùE     	2	1	3	1	0	0000000000345	0	0
$00346	CIASTKA CZEKOLADO  	1	1	3	1	0	0000000000346	0	0
$00347	P§CZEK             	2	1	3	1	0	0000000000347	0	0
$00348	BUùKA SùODKA       	2	1	3	1	0	0000000000348	0	0
$00349	KISIEL             	2	1	3	1	0	0000000000349	0	0
$00350	CHRUPKI            	2	1	3	1	0	0000000000350	0	0
$00351	PRAΩYNKI           	2	1	3	1	0	0000000000351	0	0
$00352	KETCHUP            	2	1	3	1	0	0000000000352	0	0
$00353	CUKIER PUDER       	2	1	3	1	0	0000000000353	0	0
$00354	CUKIER KOSTKA      	2	1	3	1	0	0000000000354	0	0
$00355	PROSZEK DO PIECZ   	1	1	3	1	0	0000000000355	0	0
$00356	AROMAT DO CIAST    	1	1	3	1	0	0000000000356	0	0
$00357	MARMOLADA          	2	1	3	1	0	0000000000357	0	0
$00358	POWIDùA            	2	1	3	1	0	0000000000358	0	0
$00359	ΩELATYNA           	2	1	3	1	0	0000000000359	0	0
$00360	GOù§BKI            	4	1	3	1	0	0000000000360	0	0
$00361	PULPETY            	4	1	3	1	0	0000000000361	0	0
$00362	FASOLKA PO BRETO„  	4	1	3	1	0	0000000000362	0	0
$00363	BIGOS              	4	1	3	1	0	0000000000363	0	0
$00364	KLOPSY             	4	1	3	1	0	0000000000364	0	0
$00365	GULASZ             	4	1	3	1	0	0000000000365	0	0
$00366	KUKURYDZA KONSER   	2	1	3	1	0	0000000000366	0	0
$00367	ZAPALNICZKI        	1	1	3	1	0	0000000000367	0	0
$00368	FASOLA KONSERWOWA  	2	1	3	1	0	0000000000368	0	0
$00369	BRZOSKW PUSZKA     	2	1	3	1	0	0000000000369	0	0
$00370	KAWA ROZPUSZCZAL   	1	1	3	1	0	0000000000370	0	0
$00371	óMIETANKA W PROSZK 	4	1	3	1	0	0000000000371	0	0
$00372	KAWA ZBOΩOWA       	1	1	3	1	0	0000000000372	0	0
$00373	ZUPA AMINO         	4	1	3	1	0	0000000000373	0	0
$00374	SODA               	1	1	3	1	0	0000000000374	0	0
$00375	KONSERWY RYBNE     	4	1	3	1	0	0000000000375	0	0
$00376	MUSZTARDA          	1	1	3	1	0	0000000000376	0	0
$00377	WI‡RKI KOKOS       	2	1	3	1	0	0000000000377	0	0
$00378	SER Ω‡ùTY          	4	1	3	1	0	0000000000378	0	0
$00379	TWAR‡G             	4	1	3	1	0	0000000000379	0	0
$00380	SER TOPIONY        	4	1	3	1	0	0000000000380	0	0
$00381	SER PLEóNIOWY      	4	1	3	1	0	0000000000381	0	0
$00382	FETA               	4	1	3	1	0	0000000000382	0	0
$00383	JOGURT             	4	1	3	1	0	0000000000383	0	0
$00384	KEFIR              	4	1	3	1	0	0000000000384	0	0
$00385	SEREK HOMO         	4	1	3	1	0	0000000000385	0	0
$00386	SEREK WIEJSKI      	4	1	3	1	0	0000000000386	0	0
$00387	MAóLANKA           	4	1	3	1	0	0000000000387	0	0
$00388	SOS DO MI®S        	2	1	3	1	0	0000000000388	0	0
$00389	SOS DO SAùATEK     	2	1	3	1	0	0000000000389	0	0
$00390	SOS SùOIK          	2	1	3	1	0	0000000000390	0	0
$00391	PRZYPRAWY          	1	1	3	1	0	0000000000391	0	0